[11,10] -> [11,11]
[11,11] -> [10,11]

[5,4] -> [6,3]

[6,10] -> [5,10]
[5,10] -> [4,10]

[5,5] -> [4,4]

[3,1] -> [2,1]
[2,1] -> [2,2]

[7,2] -> [8,1]
[8,1] -> [7,1]

[0,3] -> [1,4]
[1,4] -> [2,5]

[2,9] -> [3,10]

[10,9] -> [11,8]

[2,11] -> [3,11]

[6,11] -> [7,11]
[7,11] -> [8,11]

[9,4] -> [8,3]
[8,3] -> [7,4]

[7,7] -> [8,6]
[8,6] -> [8,7]

[11,3] -> [11,4]
[11,4] -> [10,5]

[9,9] -> [8,8]
[8,8] -> [7,9]

[9,7] -> [10,7]

[4,11] -> [5,10]
[5,10] -> [4,9]

[11,9] -> [11,10]

[10,4] -> [9,5]
[9,5] -> [10,4]

[2,6] -> [3,5]
[3,5] -> [3,4]

