[5,1] -> [6,1]
[6,1] -> [5,1]

[5,0] -> [4,1]
[4,1] -> [4,2]

[10,2] -> [9,1]
[9,1] -> [10,0]

[9,8] -> [9,7]
[9,7] -> [10,8]

[11,6] -> [10,5]

[10,11] -> [9,10]
[9,10] -> [10,9]

[5,8] -> [6,7]

[7,9] -> [6,9]
[6,9] -> [5,8]

[2,7] -> [1,7]
[1,7] -> [1,8]

[2,4] -> [3,4]

[9,0] -> [8,0]

[0,4] -> [1,5]
[1,5] -> [2,6]

[6,5] -> [7,6]
[7,6] -> [6,6]

[6,2] -> [7,3]
[7,3] -> [6,3]

[8,7] -> [9,6]

[8,1] -> [7,0]
[7,0] -> [7,1]

[7,11] -> [6,11]

[1,10] -> [0,10]
[0,10] -> [0,9]

[8,11] -> [8,10]
[8,10] -> [7,9]

[8,5] -> [9,5]
[9,5] -> [8,5]

